// memory data file (do not edit the following line - required for mem load use)
// instance=/Lab2/DUT/ram_inst/altsyncram_component/mem_data
// format=mti addressradix=h dataradix=h version=1.0 wordsperline=8
  0: 00000000 00000000 00000000 00000000 00000000 00000000 00000000 00000000
  8: 00000000 00000000 00000000 00000000 00000000 00000000 00000000 00000000
 10: 00000000 00000000 00000000 00000000 00000000 00000000 00000000 00000000
 18: 00000000 00000000 00000000 00000000 00000000 00000000 00000000 00000000
 20: 00000000 00000000 00000000 00000000 00000000 00000000 00000000 00000000
 28: 00000000 00000000 00000000 00000000 00000000 00000000 00000000 00000000
 30: 00000000 00000000 00000000 00000000 00000000 00000000 00000000 00000000
 38: 00000000 00000000 00000000 00000000 00000000 00000000 00000000 00000000
 40: 00000000 00000000 00000000 00000000 00000000 00000000 00000000 00000000
 48: 00000000 00000000 00000000 00000000 00000000 00000000 00000000 00000000
 50: 00000000 00000000 00000000 00000000 00000000 00000000 00000000 00000000
 58: 00000000 00000000 00000090 00000000 00000000 00000000 00000000 00000000
 60: 00000000 00000000 00000000 00000000 00000000 00000000 00000000 00000000
 68: 00000000 00000000 00000000 00000000 00000000 00000000 00000000 00000000
 70: 00000000 00000000 00000000 00000000 00000000 00000000 00000000 00000000
 78: 00000000 00000000 00000000 00000000 00000000 00000000 00000000 00000000
 80: 00000000 00000000 00000000 00000000 00000000 00000000 00000000 00000000
 88: 00000000 00000000 00000000 00000000 00000000 00000000 00000000 00000000
 90: 00000085 00000000 00000000 00000000 00000000 00000000 00000000 00000000
 98: 00000000 00000000 00000000 00000000 00000000 00000000 00000000 00000000
 a0: 00000000 00000000 00000000 00000000 00000000 00000000 00000000 00000000
 a8: 00000000 00000000 00000000 00000000 00000000 00000000 00000000 00000000
 b0: 00000000 00000000 00000000 00000000 00000000 00000000 00000000 00000000
 b8: 00000000 00000000 00000000 00000000 00000000 00000000 00000000 00000000
 c0: 00000000 00000000 00000000 00000000 00000000 00000000 00000000 00000000
 c8: 00000000 00000000 00000000 00000000 00000000 00000000 00000000 00000000
 d0: 00000000 00000000 00000000 00000000 00000000 00000000 00000000 00000000
 d8: 00000000 00000000 00000000 00000000 00000000 00000000 00000000 00000000
 e0: 00000000 00000000 00000000 00000000 00000000 00000000 00000000 00000000
 e8: 00000000 00000000 00000000 00000000 00000000 00000000 00000000 00000000
 f0: 00000000 00000000 00000000 00000000 00000000 00000000 00000000 00000000
 f8: 00000000 00000000 00000000 00000000 00000000 00000000 00000000 00000000
100: 00000000 00000000 00000000 00000000 00000000 00000000 00000000 00000000
108: 00000000 00000000 00000000 00000000 00000000 00000000 00000000 00000000
110: 00000000 00000000 00000000 00000000 00000000 00000000 00000000 00000000
118: 00000000 00000000 00000000 00000000 00000000 00000000 00000000 00000000
120: 00000000 00000000 00000000 00000000 00000000 00000000 00000000 00000000
128: 00000000 00000000 00000000 00000000 00000000 00000000 00000000 00000000
130: 00000000 00000000 00000000 00000000 00000000 00000000 00000000 00000000
138: 00000000 00000000 00000000 00000000 00000000 00000000 00000000 00000000
140: 00000000 00000000 00000000 00000000 00000000 00000000 00000000 00000000
148: 00000000 00000000 00000000 00000000 00000000 00000000 00000000 00000000
150: 00000000 00000000 00000000 00000000 00000000 00000000 00000000 00000000
158: 00000000 00000000 00000000 00000000 00000000 00000000 00000000 00000000
160: 00000000 00000000 00000000 00000000 00000000 00000000 00000000 00000000
168: 00000000 00000000 00000000 00000000 00000000 00000000 00000000 00000000
170: 00000000 00000000 00000000 00000000 00000000 00000000 00000000 00000000
178: 00000000 00000000 00000000 00000000 00000000 00000000 00000000 00000000
180: 00000000 00000000 00000000 00000000 00000000 00000000 00000000 00000000
188: 00000000 00000000 00000000 00000000 00000000 00000000 00000000 00000000
190: 00000000 00000000 00000000 00000000 00000000 00000000 00000000 00000000
198: 00000000 00000000 00000000 00000000 00000000 00000000 00000000 00000000
1a0: 00000000 00000000 00000000 00000000 00000000 00000000 00000000 00000000
1a8: 00000000 00000000 00000000 00000000 00000000 00000000 00000000 00000000
1b0: 00000000 00000000 00000000 00000000 00000000 00000000 00000000 00000000
1b8: 00000000 00000000 00000000 00000000 00000000 00000000 00000000 00000000
1c0: 00000000 00000000 00000000 00000000 00000000 00000000 00000000 00000000
1c8: 00000000 00000000 00000000 00000000 00000000 00000000 00000000 00000000
1d0: 00000000 00000000 00000000 00000000 00000000 00000000 00000000 00000000
1d8: 00000000 00000000 00000000 00000000 00000000 00000000 00000000 00000000
1e0: 00000000 00000000 00000000 00000000 00000000 00000000 00000000 00000000
1e8: 00000000 00000000 00000000 00000000 00000000 00000000 00000000 00000000
1f0: 00000000 00000000 00000000 00000000 00000000 00000000 00000000 00000000
1f8: 00000000 00000000 00000000 00000000 00000000 00000000 00000000 00000000