8: 09980005 039 FFFFD C8000000 93900002 0 A080006 09 A00002 19918000 5 BB80003
10: 83 B80000 8 BB80000 63 B8000F 6 B880003 29180000 11000058 38880000 41100000
18: 51180000 48908000 11080067 21918000 30900000 0 A000005 0 A80001D 72 A00000
20: BB800000 C3000000 7 AA00000 0 D200000 0 DA80002 0 E300000 0 EB80000 A6000000
28: D0000000 00000000 00000000 00000000 00000000 00000000 00000000 00000000
30: 00000000 00000000 00000000 00000000 00000000 00000000 00000000 00000000
38: 00000000 00000000 00000000 00000000 00000000 00000000 00000000 00000000
40: 00000000 00000000 00000000 00000000 00000000 00000000 00000000 00000000
48: 00000000 00000000 00000000 00000000 00000000 00000000 00000000 00000000
50: 00000000 00000000 00000000 00000000 00000000 00000000 00000000 00000000
58: 00000034 00000000 00000000 00000000 00000000 00000000 00000000 00000000
60: 00000000 00000000 00000000 00000000 00000000 00000000 00000000 00000000
68: 00000000 00000000 00000000 00000000 00000000 00000000 00000000 00000000
70: 00000000 00000000 00000000 00000000 00000000 00000056 00000000 00000000
78: 00000000 00000000 00000000 00000000 00000000 00000000 00000000 00000000
80: 00000000 00000000 00000000 00000000 00000000 00000000 00000000 00000000
88: 00000000 00000000 00000000 00000000 00000000 00000000 00000000 00000000
90: 00000000 1 CD60000 245 E8000 24 CC0000 9 F800000 00000000 00000000 00000000
98: 00000000 00000000 00000000 00000000 00000000 00000000 00000000 00000000
a0: 00000000 00000000 00000000 00000000 00000000 00000000 00000000 00000000
a8: 00000000 00000000 00000000 00000000 00000000 00000000 00000000 00000000
b0: 00000000 00000000 00000000 00000000 00000000 00000000 00000000 00000000
b8: 00000000 00000000 00000000 00000000 00000000 00000000 00000000 00000000
c0: 00000000 00000000 00000000 00000000 00000000 00000000 00000000 00000000
c8: 00000000 00000000 00000000 00000000 00000000 00000000 00000000 00000000
d0: 00000000 00000000 00000000 00000000 00000000 00000000 00000000 00000000
d8: 00000000 00000000 00000000 00000000 00000000 00000000 00000000 00000000
e0: 00000000 00000000 00000000 00000000 00000000 00000000 00000000 00000000
e8: 00000000 00000000 00000000 00000000 00000000 00000000 00000000 00000000
f0: 00000000 00000000 00000000 00000000 00000000 00000000 00000000 00000000
f8: 00000000 00000000 00000000 00000000 00000000 00000000 00000000 00000000
100: 00000000 00000000 00000000 00000000 00000000 00000000 00000000 00000000
108: 00000000 00000000 00000000 00000000 00000000 00000000 00000000 00000000
110: 00000000 00000000 00000000 00000000 00000000 00000000 00000000 00000000
118: 00000000 00000000 00000000 00000000 00000000 00000000 00000000 00000000
120: 00000000 00000000 00000000 00000000 00000000 00000000 00000000 00000000
128: 00000000 00000000 00000000 00000000 00000000 00000000 00000000 00000000
130: 00000000 00000000 00000000 00000000 00000000 00000000 00000000 00000000
138: 00000000 00000000 00000000 00000000 00000000 00000000 00000000 00000000
140: 00000000 00000000 00000000 00000000 00000000 00000000 00000000 00000000
148: 00000000 00000000 00000000 00000000 00000000 00000000 00000000 00000000
150: 00000000 00000000 00000000 00000000 00000000 00000000 00000000 00000000
158: 00000000 00000000 00000000 00000000 00000000 00000000 00000000 00000000
160: 00000000 00000000 00000000 00000000 00000000 00000000 00000000 00000000
168: 00000000 00000000 00000000 00000000 00000000 00000000 00000000 00000000
170: 00000000 00000000 00000000 00000000 00000000 00000000 00000000 00000000
178: 00000000 00000000 00000000 00000000 00000000 00000000 00000000 00000000
180: 00000000 00000000 00000000 00000000 00000000 00000000 00000000 00000000
188: 00000000 00000000 00000000 00000000 00000000 00000000 00000000 00000000
190: 00000000 00000000 00000000 00000000 00000000 00000000 00000000 00000000
198: 00000000 00000000 00000000 00000000 00000000 00000000 00000000 00000000
1a0: 00000000 00000000 00000000 00000000 00000000 00000000 00000000 00000000
1a8: 00000000 00000000 00000000 00000000 00000000 00000000 00000000 00000000
1b0: 00000000 00000000 00000000 00000000 00000000 00000000 00000000 00000000
1b8: 00000000 00000000 00000000 00000000 00000000 00000000 00000000 00000000
1c0: 00000000 00000000 00000000 00000000 00000000 00000000 00000000 00000000
1c8: 00000000 00000000 00000000 00000000 00000000 00000000 00000000 00000000
1d0: 00000000 00000000 00000000 00000000 00000000 00000000 00000000 00000000
1d8: 00000000 00000000 00000000 00000000 00000000 00000000 00000000 00000000
1e0: 00000000 00000000 00000000 00000000 00000000 00000000 00000000 00000000
1e8: 00000000 00000000 00000000 00000000 00000000 00000000 00000000 00000000
1f0: 00000000 00000000 00000000 00000000 00000000 00000000 00000000 00000000
1f8: 00000000 00000000 00000000 00000000 00000000 00000000 00000000 00000000